    10   0.0000100000   0.0043520000   0.0043500000
     6   0.0000775500   0.0068797000   0.0069327000
     7   0.0000341500   0.0055295000   0.0055367000
     8   0.0000181500   0.0047986000   0.0048002000
     9   0.0000112500   0.0044349500   0.0044533000
    11   0.0000107500   0.0044143500   0.0044571000
    12   0.0000127500   0.0046520500   0.0047074000
    13   0.0000150500   0.0050657000   0.0050830500
    14   0.0000208000   0.0056028000   0.0056473000
    15   0.0000295500   0.0063717000   0.0063740000
