    10   0.0004220500   0.0148619500   0.0149034000
250000000   0.0001883500   0.0114157000   0.0114881500
260000000   0.0000870500   0.0088719000   0.0088909500
270000000   0.0000424500   0.0069319000   0.0068894000
280000000   0.0000207000   0.0053733500   0.0054010500
290000000   0.0000096500   0.0042226500   0.0042456500
300000000   0.0000064000   0.0033527500   0.0033568500
310000000   0.0000024500   0.0026413500   0.0026638000
320000000   0.0000015500   0.0021161500   0.0021314500
330000000   0.0000007500   0.0016998000   0.0016784500
350000000   0.0000002000   0.0010925500   0.0011122500
340000000   0.0000004500   0.0013644500   0.0013654500
