1500000   0.0000000000   0.0005368000   0.0005312000
1600000   0.0000001875   0.0008740000   0.0008732500
1700000   0.0000001765   0.0013631176   0.0013744118
1800000   0.0000006111   0.0020460556   0.0020714444
1900000   0.0000037368   0.0030148421   0.0030408947
2100000   0.0000285238   0.0060627143   0.0060582381
2000000   0.0000100000   0.0043293500   0.0043339000
2200000   0.0000712727   0.0082462727   0.0082921818
2300000   0.0001726522   0.0110977826   0.0111422174
2400000   0.0003962917   0.0145521250   0.0145895417
2500000   0.0008607600   0.0188106000   0.0188344400
