10000000 228.9059100151   7.2324368954  12.6334130764
     0 195.4990661144   6.6788921356  12.0714440346
20000000 198.6126940250   6.6720368862  12.1395890713
30000000 249.2209820747   8.0750210285  14.4476280212
40000000 196.5980570316   6.7270860672  12.4363079071
50000000 195.2542579174   7.0837290287  12.7584588528
60000000 196.1099889278   6.6630802155  12.5663568974
70000000 195.7033340931   6.6921081543  12.1429200172
80000000 229.8769509792   7.2426881790  13.3038060665
90000000 199.2641918659   6.7939360142  12.8227739334
