10000000  28.3028964996 146.2783741951  17.2723102570
     0  24.0683414936 123.6297452450  14.6759924889
20000000  24.2605516911 128.8752446175  15.2023684978
30000000  29.3387591839 157.1893277168  18.1161842346
40000000  24.3157954216 130.9467442036  15.2068717480
50000000  24.3408315182 129.8343975544  15.2283239365
60000000  24.2047574520 129.0149872303  15.2896294594
70000000  24.1903209686 128.2839767933  15.1511530876
80000000  26.0732440948 136.9042730331  16.6862347126
90000000  24.4768331051 154.4838011265  15.7135045528
