     0   0.0000024000   0.0004856000   0.0004718500
300000   0.0000887685   0.0005068473   0.0005041872
600000   0.0001748058   0.0005266019   0.0005214078
900000   0.0002543062   0.0005400478   0.0005412919
1200000   0.0003335377   0.0005624528   0.0005593396
1500000   0.0004084651   0.0005838140   0.0005798140
1800000   0.0004844495   0.0006004128   0.0005905963
2100000   0.0005587783   0.0006225792   0.0006167873
2400000   0.0006283482   0.0006377232   0.0006348661
2700000   0.0007032159   0.0006529515   0.0006519824
